15 20 8 2 
1 1 1 1 1 1 1 1 1 1 1 1 1 1 1 1 1 1 1 1
1 0 0 0 0 0 0 0 0 0 0 0 0 0 0 0 0 0 0 1 
1 6 0 7 1 1 1 1 1 1 0 1 1 1 1 1 1 1 1 1 
1 0 1 4 1 3 0 0 0 0 1 0 1 0 3 1 0 0 0 1
1 0 1 0 5 1 1 1 5 0 1 4 1 5 0 1 0 1 2 1
1 0 1 0 6 0 0 3 1 0 1 0 0 0 0 1 4 1 1 1 
1 0 1 1 1 1 1 1 1 0 1 1 1 1 1 0 0 1 0 1 
1 0 0 0 0 0 1 0 1 0 1 0 1 1 0 0 0 1 0 1 
1 1 1 1 1 6 1 0 1 0 1 0 1 1 0 5 0 1 0 1 
1 5 0 0 1 0 1 0 1 0 1 0 1 1 0 5 0 1 0 1
1 0 0 0 5 0 1 0 1 0 0 0 0 0 0 0 0 0 0 1 
1 0 1 0 0 0 0 0 1 1 1 1 1 1 1 1 1 1 4 1
1 0 5 1 1 1 1 1 1 0 0 0 0 0 5 1 1 1 0 1
1 6 0 0 0 0 0 0 0 0 7 1 1 3 0 0 0 0 0 1
1 1 1 1 1 1 1 1 1 1 1 1 1 1 1 1 1 1 1 1

15 20 10 2
1 1 1 1 1 1 1 1 1 1 1 1 1 1 1 1 1 1 1 1
1 5 0 0 0 1 0 0 0 7 1 1 1 1 1 5 0 0 0 1
1 5 0 1 0 5 0 1 0 1 0 0 0 0 1 5 0 1 0 1 
1 1 3 1 0 0 0 1 0 1 0 1 5 0 5 1 1 5 0 1
1 1 1 1 1 1 1 1 0 1 0 1 3 0 0 0 0 0 1 1
1 0 0 0 0 0 1 1 0 1 0 0 1 1 1 1 1 1 1 1 
1 0 5 1 1 0 1 1 0 1 5 0 0 0 0 0 0 0 0 1
1 0 0 3 1 0 1 1 0 0 0 0 1 5 1 5 1 5 0 1
1 1 1 1 1 0 5 5 0 1 1 0 1 3 0 0 0 0 0 1 
1 0 0 0 0 0 0 0 0 5 1 0 1 1 5 1 5 1 1 1
1 1 1 1 1 0 1 1 1 1 1 0 0 0 0 0 0 0 1 1
1 0 0 3 1 0 1 1 1 1 1 1 1 1 1 1 1 6 1 1
1 0 5 1 7 0 1 2 1 0 4 0 5 0 4 0 5 0 1 1
1 0 0 0 0 0 1 4 0 0 5 0 4 0 5 0 4 0 1 1 
1 1 1 1 1 1 1 1 1 1 1 1 1 1 1 1 1 1 1 1

15 20 2 2 
1 1 1 1 1 1 1 1 1 1 1 1 1 1 1 1 1 1 1 1
1 0 0 0 0 0 1 0 0 0 0 0 0 1 0 1 1 1 1 1 
1 1 6 1 5 0 1 0 1 1 0 1 0 0 0 6 0 0 0 1
1 1 0 1 1 0 5 0 1 0 0 1 1 1 0 1 1 0 1 1
1 1 0 1 5 0 0 0 5 1 1 0 0 0 0 6 0 0 1 1
1 1 6 1 1 5 5 5 0 0 1 1 6 1 1 1 5 5 1 1 
1 5 0 0 0 0 0 0 0 5 0 0 0 0 0 0 0 0 0 1
1 1 1 5 1 1 1 5 1 1 0 1 5 1 6 1 5 0 5 1
1 1 5 1 6 0 0 0 0 0 0 1 0 0 0 0 0 0 0 1
1 0 0 0 0 1 1 1 0 1 1 1 1 5 1 1 1 5 1 1
1 0 1 0 0 0 1 0 0 0 0 5 0 0 0 0 5 1 1 1
1 0 5 0 1 0 1 1 5 1 1 1 1 1 0 1 1 1 1 1
1 6 1 1 5 0 5 0 0 0 0 0 0 5 0 1 5 1 1 1
1 0 0 0 1 0 0 0 0 5 1 1 0 0 0 0 0 0 2 1
1 1 1 1 1 1 1 1 1 1 1 1 1 1 1 1 1 1 1 1

15 20 2 19
1 1 1 1 1 1 1 1 1 1 1 1 1 1 1 1 1 1 1 1
1 1 1 1 5 0 0 0 0 0 0 5 1 5 0 0 0 0 0 1
1 5 0 0 0 0 5 1 1 5 0 0 0 6 0 1 0 1 0 1 
1 0 0 1 5 1 5 1 1 5 1 5 1 1 0 1 0 1 0 1 
1 1 0 1 0 0 0 0 5 0 0 0 5 1 0 1 0 5 0 1
1 1 0 1 5 1 5 0 1 0 1 0 0 0 0 1 0 1 0 1
1 0 0 6 0 7 1 0 0 5 1 5 1 5 0 1 6 5 6 1 
1 1 0 1 1 0 1 0 0 0 0 0 0 1 0 1 0 0 0 1
1 6 0 1 1 0 0 6 1 1 1 5 0 0 0 5 1 0 1 1
1 0 1 1 1 5 0 1 5 0 0 0 5 1 0 0 6 0 1 1
1 0 4 1 1 0 0 5 1 0 1 0 0 0 1 0 0 0 1 1
1 1 0 1 5 0 0 0 1 0 1 1 1 0 0 5 0 5 1 1
1 0 6 0 1 5 0 1 1 0 0 0 3 1 0 0 0 0 1 1
1 5 1 2 1 0 1 0 1 1 0 1 1 0 5 0 5 7 5 1
1 1 1 1 1 1 1 1 1 1 1 1 1 1 1 1 1 1 1 1

15 20 14 2
1 1 1 1 1 1 1 1 1 1 1 1 1 1 1 1 1 1 1 1 
1 5 7 0 0 0 0 0 5 1 0 0 0 1 1 0 0 0 1 1 
1 0 0 0 5 1 1 0 0 0 0 5 0 1 0 0 1 3 1 1
1 1 6 0 0 0 0 1 0 1 6 1 0 0 0 0 1 0 1 1
1 5 0 5 0 1 0 0 0 1 0 1 1 0 5 1 0 0 1 1
1 1 0 1 0 0 1 6 1 1 0 0 0 0 1 5 0 5 1 1 
1 0 6 1 1 0 0 0 6 0 0 1 5 1 1 1 0 0 1 1 
1 3 0 5 1 0 5 0 5 1 1 1 1 0 0 1 1 0 0 1
1 1 1 1 0 5 1 0 1 1 0 0 1 0 1 1 0 0 1 1 
1 3 1 1 0 5 0 0 1 1 0 5 1 5 0 0 0 1 0 1
1 1 0 1 5 0 0 5 1 7 0 1 1 5 1 0 5 1 0 1
1 1 0 1 0 0 1 1 1 1 1 1 1 1 0 4 1 1 1 1
1 0 1 0 0 1 0 1 0 0 0 1 1 1 5 0 0 0 1 1
1 0 0 0 1 0 1 0 1 1 1 0 1 1 1 5 1 2 1 1 
1 1 1 1 1 1 1 1 1 1 1 1 1 1 1 1 1 1 1 1

10 13 10 1
0 1 0 1 1 1 1 1 1 1 0 4 0
0 0 0 1 1 1 1 1 1 1 0 1 0
0 1 4 1 1 1 1 1 1 1 0 1 0
0 1 1 1 1 1 1 1 1 1 0 1 0
0 4 0 1 1 1 1 0 3 0 0 1 0
0 1 0 1 0 1 1 0 1 0 1 1 4
0 1 0 1 0 4 0 0 1 0 1 2 0
0 1 0 0 0 1 1 1 1 0 1 1 1 
0 1 0 1 0 1 1 1 1 0 4 3 1
0 1 0 1 3 1 1 1 1 1 1 1 1

15 15 7 7
0 6 6 0 3 4 1 1 1 0 0 6 6 1 1 3 1 0
6 1 1 1 1 0 1 1 1 1 1 1 1 1 1 1 1 1
6 1 1 1 1 0 1 1 1 1 1 0 4 0 0 1 1 1
6 0 6 6 6 0 6 0 1 1 1 6 1 1 0 1 1 1
6 1 1 1 1 1 1 0 0 1 1 6 1 1 0 1 0 2
6 1 1 1 1 1 1 1 0 1 1 6 1 1 0 1 4 1
0 0 0 6 6 6 0 1 0 1 1 6 1 0 0 1 0 1
1 1 1 1 1 1 1 1 0 1 1 6 1 3 1 1 0 0
0 0 4 0 0 3 6 6 0 1 1 6 1 0 6 6 6 0
0 1 1 1 1 1 1 1 1 1 1 6 1 1 1 1 1 1
0 0 0 1 1 1 1 4 0 0 1 3 1 1 1 1 1 1
6 1 6 1 1 0 0 0 1 0 1 0 1 1 1 1 1 1
6 1 6 1 1 6 1 1 1 0 1 0 0 0 0 0 0 0
6 1 6 1 3 0 1 1 1 0 1 1 1 1 1 1 1 0
0 1 0 0 0 1 1 1 1 0 0 0 0 0 6 6 6 0 

8 8 1 1
0 0 1 7 0 0 3 1
1 0 1 1 1 1 1 1
7 0 1 1 1 1 1 2
1 0 0 1 1 1 0 0
1 1 0 0 1 1 4 1
0 1 1 6 1 1 0 1
6 1 1 6 1 1 0 1
0 6 6 0 6 6 0 1

7 10 2 2
1 0 4 0 1 1 1 1 1 1
7 0 1 0 1 1 0 0 0 0
1 1 1 0 0 1 0 1 1 0
1 7 1 1 0 1 0 5 1 0
1 0 1 5 0 1 0 5 1 2
1 3 1 1 0 0 0 5 1 5
1 5 1 1 5 1 5 1 1 5
7 8 1 2
1 6 6 6 1 1 6 1
1 1 6 6 6 6 6 3
1 1 6 6 6 6 6 1
1 6 6 1 6 6 6 6
2 4 6 6 6 6 6 6 
1 1 6 6 6 6 1 6
1 1 6 6 6 6 6 6